auto a = 1.3419085418_h;
auto b = 1.0888469460_h;


0 01111 0101011110
exponent = 0b01111 = 15
mantissa = 0101011110
= 1 + 1/4 + 1/16 + 1/32 + 1/64 + 1/128 + 1/256 + 1/512
= (1024 + 256 + 64 + 32 + 16 + 8 + 4 + 2) / 1024
= 1406 / 1024
= 1.373046875
= 1.3720703125

0b0011 1101 0101 1110
exponent = 0b01111 = 15
mantissa = 0b0101011110



================================================================================
 
Float32:
a         = 0b0011 1111 0110 0110 0110 0110 0110 1000 = 0.9
b         = 0b0011 1111 0011 0011 0011 0011 0011 0100 = 0.7
a + b = c = 0b0011 1111 1100 1100 1100 1100 1100 1110 = 1.6
HalfFloat:
t         = 0b0011 1011 0011 0011 = 0.899902
u         = 0b0011 1001 1001 1010 = 0.700195
t + u = v = 0b0011 1110 0110 0110 = 1.59961
Binary16:
x         = 0b0011 1011 0011 0011 = 0.899902
y         = 0b0011 1001 1001 1001 = 0.699707
x + y = z = 0b0011 1110 0110 0110 = 1.59961
z = 1.59961
n = 1.60059
p = 1.59863
c = 1.6
curr_diff = 0.000390768
next_diff = 0.000585794
prev_diff = 0.00136733


b         = 0b0011 1111 0011 0011 0011 0011 0011 0100 = 0.7
u         = 0b0011 1001 1001 1010 = 0.700195
y         = 0b0011 1001 1001 1001 = 0.699707

b         = 01100110011001100110100
u         = 0110011010
y         = 0110011001


===============================================================================

a = 0b0011 1110 1111 1111 1111 1111 1111 1001 = 0.5
b = 0b0011 1100 0000 0000 = 1
c = 0b0011 1111 1000 0000 0000 0000 0000 0000 = 1
d = 0b0011 1000 0000 0000 = 0.5
mine = 0b0011 1100 0000 00001
next = 0b0011 1100 0000 00011.00098
prev = 0b0011 1011 1111 11110.999512
orig = 0.5

a = 0b0011 1110 1111 1111 1111 1111 1111 1001 = 0.5
sign     = 0
exponent = 01111101 = 125 - 127 = -2
mantissa = 11111111111111111111001

b = 0b0011 1100 0000 0000
sign     = 0
exponent = 01111 = 15 = 0
mantissa = 00 0000 0000 = 1.0000000000
result = 1.000000000 * 2**0
